0	0 0 0 0 0 1978 2022 0 0 
1	0 0 0 235 243 1768 1132 622 0 
2	0 0 0 254 236 1800 1089 621 0 
3	0 0 0 0 858 1612 1122 408 0 
4	0 0 0 0 855 1602 1134 409 0 
5	0 0 0 0 844 1675 1084 397 0 
6	0 0 0 0 861 1658 1079 402 0 
7	0 0 614 401 0 741 1473 771 0 
8	0 0 317 396 244 744 1483 816 0 
9	0 0 0 0 0 999 970 2031 0 
10	0 0 0 0 0 1009 1969 1022 0 
11	0 0 0 0 0 1002 1985 1013 0 
12	0 0 0 0 0 1218 1769 1013 0 
13	0 0 0 0 0 1238 1760 1002 0 
14	0 0 0 0 0 1265 1732 1003 0 
15	0 0 0 0 0 1262 1731 1007 0 
16	0 0 0 0 0 1225 1744 1031 0 
17	0 0 0 0 0 1243 1754 1003 0 
18	0 0 0 0 0 1235 1756 1009 0 
19	0 0 0 0 0 1244 1720 1036 0 
20	0 0 0 0 0 1219 1749 1032 0 
21	0 0 0 0 0 1184 1777 1039 0 
22	0 0 0 0 0 1265 1715 1020 0 
23	0 0 0 0 0 1243 1745 1012 0 
24	0 0 0 0 0 1260 1732 1008 0 
25	0 0 0 0 0 1244 1729 1027 0 
26	0 0 0 0 0 1221 1744 1035 0 
27	0 0 0 0 0 1250 1732 1018 0 
28	0 0 0 0 0 1246 1745 1009 0 
29	0 0 0 0 0 1263 1723 1014 0 
30	0 0 0 0 0 1267 1713 1020 0 
31	0 0 0 0 0 1269 1707 1024 0 
32	0 0 0 0 0 1252 1746 1002 0 
33	0 0 0 0 0 1239 1746 1015 0 
34	0 0 0 0 0 1206 1741 1053 0 
35	0 0 0 0 0 1249 1718 1033 0 
36	0 0 0 0 0 1239 1697 1064 0 
37	0 0 0 0 0 1244 1747 1009 0 
38	0 0 0 0 0 1272 1718 1010 0 
39	0 0 0 0 0 1225 1723 1052 0 
40	0 0 0 0 0 1233 1752 1015 0 
41	0 0 0 0 0 1204 1751 1045 0 
42	0 0 0 0 0 1278 1722 1000 0 
43	0 0 0 0 0 1202 1783 1015 0 
44	0 0 0 0 0 1209 1782 1009 0 
45	0 0 0 0 0 1161 1813 1026 0 
46	0 0 0 0 0 1216 1780 1004 0 
47	0 0 0 0 0 1206 1754 1040 0 
48	0 0 0 0 0 1269 1710 1021 0 
49	0 0 0 0 0 1203 1749 1048 0 
50	0 0 0 0 0 1259 1714 1027 0 
51	0 0 0 0 0 1194 1716 1090 0 
52	0 0 0 0 0 1229 1736 1035 0 
53	0 0 0 0 0 1227 1736 1037 0 
54	0 0 0 0 0 1238 1758 1004 0 
55	0 0 0 0 0 1250 1739 1011 0 
56	0 0 0 0 0 1240 1757 1003 0 
57	0 0 0 0 0 1270 1695 1035 0 
58	0 0 0 0 0 1253 1708 1039 0 
59	0 0 0 0 0 1302 1694 1004 0 
60	0 0 0 0 0 1265 1731 1004 0 
61	0 0 0 0 0 1242 1741 1017 0 
62	0 0 0 0 0 1236 1744 1020 0 
63	0 0 0 0 0 1261 1729 1010 0 
64	0 0 0 0 0 1234 1755 1011 0 
65	0 0 0 0 0 1256 1710 1034 0 
66	0 0 0 0 0 1232 1722 1046 0 
67	0 0 0 0 0 1241 1729 1030 0 
68	0 0 0 0 0 1263 1710 1027 0 
69	0 0 0 0 0 1249 1699 1052 0 
70	0 0 0 0 0 1238 1748 1014 0 
71	0 0 0 0 0 1248 1726 1026 0 
72	0 0 0 0 0 1251 1718 1031 0 
73	0 0 0 0 0 1280 1715 1005 0 
74	0 0 0 0 0 1242 1758 1000 0 
75	0 0 0 0 0 1252 1709 1039 0 
76	0 0 0 0 0 1252 1721 1027 0 
77	0 0 0 0 0 1205 1781 1014 0 
78	0 0 0 0 0 1252 1728 1020 0 
79	0 0 0 0 0 1276 1698 1026 0 
80	0 0 0 0 0 1247 1750 1003 0 
81	0 0 0 0 0 1257 1709 1034 0 
82	0 0 0 0 0 1255 1735 1010 0 
83	0 0 0 0 0 1179 1795 1026 0 
84	0 0 0 0 0 1226 1757 1017 0 
85	0 0 0 0 0 1211 1782 1007 0 
86	0 0 0 0 0 1301 1690 1009 0 
87	0 0 0 0 0 1220 1779 1001 0 
88	0 0 0 0 0 1274 1701 1025 0 
89	0 0 0 0 0 1202 1769 1029 0 
90	0 0 0 0 0 1210 1772 1018 0 
91	0 0 0 0 0 1204 1757 1039 0 
92	0 0 0 0 0 1189 1790 1021 0 
93	0 0 0 0 0 1246 1724 1030 0 
94	0 0 0 0 0 1220 1768 1012 0 
95	0 0 0 0 0 1316 1640 1044 0 
96	0 0 0 0 0 1246 1742 1012 0 
97	0 0 0 0 0 1304 1677 1019 0 
98	0 0 0 0 0 1204 1758 1038 0 
99	0 0 0 0 0 1262 1728 1010 0 
100	0 0 0 0 0 1204 1751 1045 0 
101	0 0 0 0 0 1234 1735 1031 0 
102	0 0 0 0 0 1245 1724 1031 0 
103	0 0 0 0 0 1242 1747 1011 0 
104	0 0 0 0 0 1263 1729 1008 0 
105	0 0 0 0 0 1266 1724 1010 0 
106	0 0 0 0 0 1285 1713 1002 0 
107	0 0 0 0 0 1221 1759 1020 0 
108	0 0 0 0 0 1239 1741 1020 0 
109	0 0 0 0 0 1259 1702 1039 0 
110	0 0 0 0 0 1231 1736 1033 0 
111	0 0 0 0 0 1243 1741 1016 0 
112	0 0 0 0 0 1217 1766 1017 0 
113	0 0 0 0 0 1275 1707 1018 0 
114	0 0 0 0 0 1250 1714 1036 0 
115	0 0 0 0 0 1233 1737 1030 0 
116	0 0 0 0 0 1243 1751 1006 0 
117	0 0 0 0 0 1238 1737 1025 0 
118	0 0 0 0 0 1217 1773 1010 0 
119	0 0 0 0 0 1239 1727 1034 0 
120	0 0 0 0 0 1213 1757 1030 0 
121	0 0 0 0 0 1286 1699 1015 0 
122	0 0 0 0 0 1257 1717 1026 0 
123	0 0 0 0 0 1234 1746 1020 0 
124	0 0 0 0 0 1256 1723 1021 0 
125	0 0 0 0 0 1200 1785 1015 0 
126	0 0 0 0 0 1248 1734 1018 0 
127	0 0 0 0 0 1307 1675 1018 0 
128	0 0 0 0 0 1260 1707 1033 0 
129	0 0 0 0 0 1233 1756 1011 0 
130	0 0 0 0 0 1190 1770 1040 0 
131	0 0 0 0 0 1245 1727 1028 0 
132	0 0 0 0 0 1269 1726 1005 0 
133	0 0 0 0 0 1256 1697 1047 0 
134	0 0 0 0 0 1228 1766 1006 0 
135	0 0 0 0 0 1181 1811 1008 0 
136	0 0 0 0 0 1240 1742 1018 0 
137	0 0 0 0 0 1244 1752 1004 0 
138	0 0 0 0 0 1212 1770 1018 0 
139	0 0 0 0 0 1261 1733 1006 0 
140	0 0 0 0 0 1248 1745 1007 0 
141	0 0 0 0 0 1248 1739 1013 0 
142	0 0 0 0 0 1216 1761 1023 0 
143	0 0 0 0 0 1291 1693 1016 0 
144	0 0 0 0 0 1231 1761 1008 0 
145	0 0 0 0 0 1250 1710 1040 0 
146	0 0 0 0 0 1291 1708 1001 0 
147	0 0 0 0 0 1285 1699 1016 0 
148	0 0 0 0 0 1237 1752 1011 0 
149	0 0 0 0 0 1199 1798 1003 0 
150	0 0 0 0 0 1208 1753 1039 0 
151	0 0 0 0 0 1241 1741 1018 0 
152	0 0 0 0 0 1246 1741 1013 0 
153	0 0 0 0 0 1245 1727 1028 0 
154	0 0 0 0 0 1223 1759 1018 0 
155	0 0 0 0 0 1243 1747 1010 0 
156	0 0 0 0 0 1217 1759 1024 0 
157	0 0 0 0 0 1255 1725 1020 0 
158	0 0 0 0 0 1209 1762 1029 0 
159	0 0 0 0 0 1239 1740 1021 0 
160	0 0 0 0 0 1235 1756 1009 0 
161	0 0 0 0 0 1226 1743 1031 0 
162	0 0 0 0 0 1248 1751 1001 0 
163	0 0 0 0 0 1289 1696 1015 0 
164	0 0 0 0 0 1244 1739 1017 0 
165	0 0 0 0 0 1257 1730 1013 0 
166	0 0 0 0 0 1285 1700 1015 0 
167	0 0 0 0 0 1204 1781 1015 0 
168	0 0 0 0 0 1190 1770 1040 0 
169	0 0 0 0 0 1276 1707 1017 0 
170	0 0 0 0 0 1241 1751 1008 0 
171	0 0 0 0 0 1238 1749 1013 0 
172	0 0 0 0 0 1203 1775 1022 0 
173	0 0 0 0 0 1248 1718 1034 0 
174	0 0 0 0 0 1259 1733 1008 0 
175	0 0 0 0 0 1242 1742 1016 0 
176	0 0 0 0 0 1278 1693 1029 0 
177	0 0 0 0 0 1277 1711 1012 0 
178	0 0 0 0 0 1235 1750 1015 0 
179	0 0 0 0 0 1282 1675 1043 0 
180	0 0 0 0 0 1234 1760 1006 0 
181	0 0 0 0 0 1269 1728 1003 0 
182	0 0 0 0 0 1247 1731 1022 0 
183	0 0 0 0 0 1294 1669 1037 0 
184	0 0 0 0 0 1231 1755 1014 0 
185	0 0 0 0 0 1285 1692 1023 0 
186	0 0 0 0 0 1267 1705 1028 0 
187	0 0 0 0 0 1197 1788 1015 0 
188	0 0 0 0 0 1244 1726 1030 0 
189	0 0 0 0 0 1197 1789 1014 0 
190	0 0 0 0 0 1215 1720 1065 0 
191	0 0 0 0 0 1244 1734 1022 0 
192	0 0 0 0 0 1259 1723 1018 0 
193	0 0 0 0 0 1254 1711 1035 0 
194	0 0 0 0 0 1213 1753 1034 0 
195	0 0 0 0 0 1239 1751 1010 0 
196	0 0 0 0 0 1240 1733 1027 0 
197	0 0 0 0 0 1222 1762 1016 0 
198	0 0 0 0 0 1251 1738 1011 0 
199	0 0 0 0 0 1218 1780 1002 0 
200	0 0 0 0 0 1230 1729 1041 0 
201	0 0 0 0 0 1210 1754 1036 0 
202	0 0 0 0 0 1247 1728 1025 0 
203	0 0 0 0 0 1210 1785 1005 0 
204	0 0 0 0 0 1275 1724 1001 0 
205	0 0 0 0 0 1270 1728 1002 0 
206	0 0 0 0 0 1272 1685 1043 0 
207	0 0 0 0 0 1287 1709 1004 0 
208	0 0 0 0 0 1183 1781 1036 0 
209	0 0 0 0 0 1219 1762 1019 0 
210	0 0 0 0 0 1209 1768 1023 0 
211	0 0 0 0 0 1237 1720 1043 0 
212	0 0 0 0 0 1227 1768 1005 0 
213	0 0 0 0 0 1264 1725 1011 0 
214	0 0 0 0 0 1246 1730 1024 0 
215	0 0 0 0 0 1246 1722 1032 0 
216	0 0 0 0 0 518 2032 1450 0 
217	0 0 0 0 754 1698 1015 533 0 
218	0 0 0 0 0 495 1734 1505 266 
219	0 0 0 0 0 526 500 2974 0 
220	0 0 0 0 0 513 544 2943 0 
221	0 0 0 0 0 509 528 2963 0 
222	0 0 0 469 501 1020 1535 475 0 
223	0 0 0 0 0 1523 2014 463 0 
224	0 0 0 0 0 1522 1969 509 0 
225	0 0 0 0 0 1505 1504 991 0 
226	0 0 0 0 2033 737 364 378 488 
227	0 0 0 0 0 0 1971 2029 0 
228	0 0 0 1532 0 1047 969 452 0 
229	0 0 0 1479 0 1013 994 514 0 
230	0 0 0 998 0 1491 0 1247 264 
231	0 0 0 0 0 1941 0 1770 289 
232	0 0 0 0 0 0 0 2994 1006 
233	0 0 0 992 484 1253 736 535 0 
234	0 0 0 986 504 1301 726 483 0 
235	0 0 0 0 0 2999 493 508 0 
236	0 0 0 0 0 1252 1257 1491 0 
237	0 0 0 0 0 1233 1195 1572 0 
238	0 0 0 964 0 1012 1504 520 0 
239	0 0 0 0 0 1947 2053 0 0 
240	0 0 0 986 485 1475 1054 0 0 
241	0 0 0 0 0 2770 746 241 243 
242	0 0 0 0 0 1051 990 1424 535 
243	0 0 0 0 0 992 1011 1457 540 
244	0 0 0 0 0 981 1010 1479 530 
245	0 0 0 0 0 999 1015 1459 527 
246	0 0 0 0 0 1005 989 1483 523 
247	0 0 0 0 0 1008 1002 1475 515 
248	0 0 0 0 0 999 1025 1440 536 
249	0 0 0 0 0 989 1027 1466 518 
250	0 0 0 0 0 998 1001 1467 534 
251	0 0 0 0 0 997 1004 1452 547 
252	0 0 0 0 0 1003 1000 1472 525 
253	0 0 0 0 0 1007 1004 1458 531 
254	0 0 0 0 0 975 987 1492 546 
255	0 0 0 0 0 1016 969 1449 566 
256	0 0 0 0 0 1000 985 1481 534 
257	0 0 0 0 0 1018 1004 1471 507 
258	0 0 0 0 0 1017 988 1455 540 
259	0 0 0 0 0 1007 1013 1434 546 
260	0 0 0 0 0 959 1033 1442 566 
261	0 0 0 0 0 1005 987 1483 525 
262	0 0 0 0 0 1004 1008 1448 540 
263	0 0 0 0 0 998 999 1466 537 
264	0 0 0 0 0 960 1013 1467 560 
265	0 0 0 0 0 1044 989 1423 544 
266	0 0 0 0 0 976 1039 1438 547 
267	0 0 0 0 0 1011 1017 1454 518 
268	0 0 0 0 0 1021 1013 1455 511 
269	0 0 0 0 0 999 999 1485 517 
270	0 0 0 0 0 1029 1011 1430 530 
271	0 0 0 0 0 1054 996 1424 526 
272	0 0 0 0 0 988 1017 1451 544 
273	0 0 0 0 0 1007 1009 1454 530 
274	0 0 0 0 0 1010 1015 1453 522 
275	0 0 0 0 0 1010 1002 1451 537 
276	0 0 0 0 0 991 1004 1487 518 
277	0 0 0 0 0 1007 987 1463 543 
278	0 0 0 0 0 1009 989 1477 525 
279	0 0 0 0 0 1021 1025 1423 531 
280	0 0 0 0 0 997 1002 1455 546 
281	0 0 0 0 0 992 982 1481 545 
282	0 0 0 0 0 1036 998 1458 508 
283	0 0 0 0 0 1040 999 1424 537 
284	0 0 0 0 0 988 969 1484 559 
285	0 0 0 0 0 1000 983 1474 543 
286	0 0 0 0 0 1006 988 1478 528 
287	0 0 0 0 0 1036 1006 1432 526 
288	0 0 0 0 0 1011 973 1476 540 
289	0 0 0 0 0 1010 989 1461 540 
290	0 0 0 0 0 1004 999 1452 545 
291	0 0 0 0 0 987 1023 1464 526 
292	0 0 0 0 0 992 1029 1443 536 
293	0 0 0 0 0 977 1011 1479 533 
294	0 0 0 0 0 1017 966 1464 553 
295	0 0 0 0 0 1020 990 1464 526 
296	0 0 0 0 0 1009 997 1477 517 
297	0 0 0 0 0 1009 981 1457 553 
298	0 0 0 0 0 995 1046 1420 539 
299	0 0 0 0 0 998 1000 1476 526 
300	0 0 0 0 0 1000 967 1476 557 
301	0 0 0 0 0 1015 1005 1459 521 
302	0 0 0 0 0 1014 999 1469 518 
303	0 0 0 0 0 1003 993 1484 520 
304	0 0 0 0 0 1022 984 1461 533 
305	0 0 0 0 0 1003 1003 1468 526 
306	0 0 0 0 0 1004 999 1478 519 
307	0 0 0 0 0 976 991 1493 540 
308	0 0 0 0 0 991 1014 1466 529 
309	0 0 0 0 0 1004 1008 1459 529 
310	0 0 0 0 0 997 1015 1444 544 
311	0 0 0 0 0 1016 1004 1457 523 
312	0 0 0 0 0 1017 1015 1432 536 
313	0 0 0 0 0 1017 1041 1424 518 
314	0 0 0 0 0 1026 1003 1461 510 
315	0 0 0 0 0 989 1004 1471 536 
316	0 0 0 0 0 1021 1005 1428 546 
317	0 0 0 0 0 1003 994 1474 529 
318	0 0 0 0 0 1012 1000 1455 533 
319	0 0 0 0 0 994 976 1475 555 
320	0 0 0 0 0 1002 1014 1485 499 
321	0 0 0 0 0 1003 1002 1470 525 
322	0 0 0 0 0 1024 1017 1440 519 
323	0 0 0 0 0 974 1003 1476 547 
324	0 0 0 0 0 1010 997 1476 517 
325	0 0 0 0 0 985 980 1478 557 
326	0 0 0 0 0 1002 997 1459 542 
327	0 0 0 0 0 1002 985 1477 536 
328	0 0 0 0 0 988 1033 1442 537 
329	0 0 0 0 0 1028 981 1451 540 
330	0 0 0 0 0 1024 978 1444 554 
331	0 0 0 0 0 1021 1027 1438 514 
332	0 0 0 0 0 998 1021 1462 519 
333	0 0 0 0 0 1008 988 1473 531 
334	0 0 0 0 0 998 1018 1462 522 
335	0 0 0 0 0 1046 990 1433 531 
336	0 0 0 0 0 1007 997 1459 537 
337	0 0 0 0 0 1004 1038 1428 530 
338	0 0 0 0 0 992 1033 1441 534 
339	0 0 0 0 0 999 1000 1471 530 
340	0 0 0 0 0 1020 1010 1454 516 
341	0 0 0 0 0 1014 1013 1467 506 
342	0 0 0 0 0 1025 995 1447 533 
343	0 0 0 0 0 972 1026 1462 540 
344	0 0 0 0 0 1022 999 1451 528 
345	0 0 0 0 0 972 998 1497 533 
346	0 0 0 0 0 996 1022 1455 527 
347	0 0 0 0 0 1014 1003 1433 550 
348	0 0 0 0 0 1015 982 1477 526 
349	0 0 0 0 0 1065 1017 1407 511 
350	0 0 0 0 0 954 1022 1456 568 
351	0 0 0 0 0 1032 989 1451 528 
352	0 0 0 0 0 1024 1032 1431 513 
353	0 0 0 0 0 996 1014 1476 514 
354	0 0 0 0 0 996 1021 1442 541 
355	0 0 0 0 0 956 998 1484 562 
356	0 0 0 0 0 994 1000 1465 541 
357	0 0 0 0 0 1039 983 1446 532 
358	0 0 0 0 0 1003 986 1475 536 
359	0 0 0 0 0 1023 1026 1419 532 
360	0 0 0 0 0 970 1042 1438 550 
361	0 0 0 0 0 1007 987 1481 525 
362	0 0 0 0 0 1000 1019 1454 527 
363	0 0 0 0 0 1002 1017 1472 509 
364	0 0 0 0 0 1006 982 1476 536 
365	0 0 0 0 0 986 1013 1472 529 
366	0 0 0 0 0 997 994 1487 522 
367	0 0 0 0 0 1010 1008 1473 509 
368	0 0 0 0 0 1014 1008 1457 521 
369	0 0 0 0 0 985 1011 1470 534 
370	0 0 0 0 0 979 1028 1438 555 
371	0 0 0 0 0 1017 999 1464 520 
372	0 0 0 0 0 1038 1005 1428 529 
373	0 0 0 0 0 999 996 1492 513 
374	0 0 0 0 0 1002 1001 1481 516 
375	0 0 0 0 0 1004 1010 1460 526 
376	0 0 0 0 0 1025 1010 1431 534 
377	0 0 0 0 0 1005 994 1466 535 
378	0 0 0 0 0 1008 970 1482 540 
379	0 0 0 0 0 1004 1029 1431 536 
380	0 0 0 0 0 997 975 1469 559 
381	0 0 0 0 0 1003 986 1466 545 
382	0 0 0 0 0 983 1014 1471 532 
383	0 0 0 0 0 987 996 1440 577 
384	0 0 0 0 0 990 995 1457 558 
385	0 0 0 0 0 990 1023 1468 519 
386	0 0 0 0 0 964 1037 1438 561 
387	0 0 0 0 0 988 1000 1465 547 
388	0 0 0 0 0 1037 998 1440 525 
389	0 0 0 0 0 1013 1027 1443 517 
390	0 0 0 0 0 992 998 1467 543 
391	0 0 0 0 0 1009 1003 1480 508 
392	0 0 0 0 0 997 1037 1442 524 
393	0 0 0 0 0 998 1024 1452 526 
394	0 0 0 0 0 995 978 1494 533 
395	0 0 0 0 0 1024 992 1443 541 
396	0 0 0 0 0 1006 1012 1466 516 
397	0 0 0 0 0 1011 1050 1416 523 
398	0 0 0 0 0 1034 1035 1413 518 
399	0 0 0 0 0 1028 1005 1456 511 
400	0 0 0 0 0 1009 1020 1438 533 
401	0 0 0 0 0 998 994 1472 536 
402	0 0 0 0 0 1043 1008 1449 500 
403	0 0 0 0 0 997 1007 1472 524 
404	0 0 0 0 0 998 1014 1464 524 
405	0 0 0 0 0 992 996 1466 546 
406	0 0 0 0 0 1010 995 1482 513 
407	0 0 0 0 0 1003 972 1480 545 
408	0 0 0 0 0 989 1020 1440 551 
409	0 0 0 0 0 1049 1013 1414 524 
410	0 0 0 0 0 1003 997 1478 522 
411	0 0 0 0 0 1014 1000 1487 499 
412	0 0 0 0 0 1041 997 1432 530 
413	0 0 0 0 0 1012 1033 1424 531 
414	0 0 0 0 0 1014 1011 1448 527 
415	0 0 0 0 0 998 1002 1472 528 
416	0 0 0 0 0 1005 1055 1395 545 
417	0 0 0 0 0 1002 1040 1428 530 
418	0 0 0 0 0 1002 1017 1438 543 
419	0 0 0 0 0 977 1010 1482 531 
420	0 0 0 0 0 1029 989 1449 533 
421	0 0 0 0 0 1013 1001 1454 532 
422	0 0 0 0 0 988 981 1495 536 
423	0 0 0 0 0 1040 993 1443 524 
424	0 0 0 0 0 1041 1020 1403 536 
425	0 0 0 0 0 1020 993 1477 510 
426	0 0 0 0 0 1018 1008 1458 516 
427	0 0 0 0 0 1000 1000 1484 516 
428	0 0 0 0 0 993 1039 1445 523 
429	0 0 0 0 0 1024 986 1472 518 
430	0 0 0 0 0 1014 1001 1464 521 
431	0 0 0 0 0 994 998 1457 551 
432	0 0 0 0 0 1017 1010 1455 518 
433	0 0 0 0 0 1013 1011 1439 537 
434	0 0 0 0 0 1018 1029 1431 522 
435	0 0 0 0 0 1014 1000 1461 525 
436	0 0 0 0 0 992 1031 1450 527 
437	0 0 0 0 0 1018 1003 1439 540 
438	0 0 0 0 0 1009 1005 1457 529 
439	0 0 0 0 0 999 1011 1462 528 
440	0 0 0 0 0 1017 1007 1451 525 
441	0 0 0 0 0 995 1025 1464 516 
442	0 0 0 0 0 996 1016 1450 538 
443	0 0 0 0 0 1019 1021 1440 520 
444	0 0 0 0 0 1002 1001 1462 535 
445	0 0 0 0 0 991 1038 1436 535 
446	0 0 0 0 0 1022 1006 1444 528 
447	0 0 0 0 0 996 981 1489 534 
448	0 0 0 0 0 970 1001 1481 548 
449	0 0 0 0 0 1024 1010 1462 504 
450	0 0 0 0 0 1013 988 1472 527 
451	0 0 0 0 0 994 1012 1473 521 
452	0 0 0 0 0 1000 1003 1475 522 
453	0 0 0 0 0 986 1018 1471 525 
454	0 0 0 0 0 1002 1015 1468 515 
455	0 0 0 0 0 1004 1002 1471 523 
456	0 0 0 0 0 1012 1012 1423 553 
457	0 0 0 0 0 1008 984 1450 558 
458	0 0 0 0 0 1015 994 1454 537 
459	0 0 0 0 0 1039 996 1434 531 
460	0 0 0 0 0 995 999 1473 533 
461	0 0 0 0 0 1004 1020 1450 526 
462	0 0 0 0 0 1018 1003 1454 525 
463	0 0 0 0 0 1002 1010 1477 511 
464	0 0 0 0 0 1003 1028 1431 538 
465	0 0 0 0 0 1011 1003 1457 529 
466	0 0 0 0 0 1015 1001 1468 516 
467	0 0 0 0 0 998 1008 1467 527 
468	0 0 0 0 0 997 1026 1446 531 
469	0 0 0 0 0 995 1012 1466 527 
470	0 0 0 0 0 1014 1020 1454 512 
471	0 0 0 0 0 1005 1013 1434 548 
472	0 0 0 0 0 1036 1007 1427 530 
473	0 0 0 0 0 1038 1005 1431 526 
474	0 0 0 0 0 1003 1015 1458 524 
475	0 0 0 0 0 989 1009 1483 519 
476	0 0 0 0 0 1007 996 1466 531 
477	0 0 0 0 0 999 1012 1472 517 
478	0 0 0 0 0 1003 1004 1473 520 
479	0 0 0 0 0 1031 1004 1427 538 
480	0 0 0 0 0 1012 1008 1457 523 
481	0 0 0 0 0 1023 988 1453 536 
482	0 0 0 0 0 975 1008 1467 550 
483	0 0 0 0 0 983 1021 1437 559 
484	0 0 0 0 0 994 1008 1475 523 
485	0 0 0 0 0 1005 998 1466 531 
486	0 0 0 0 0 1029 1041 1420 510 
487	0 0 0 0 0 1013 998 1457 532 
488	0 0 0 0 0 1036 975 1446 543 
489	0 0 0 0 0 1012 1003 1455 530 
490	0 0 0 0 0 983 970 1494 553 
491	0 0 0 0 0 1007 994 1470 529 
492	0 0 0 0 0 1000 1028 1447 525 
493	0 0 0 0 0 991 998 1463 548 
494	0 0 0 0 0 1005 1000 1470 525 
495	0 0 0 0 0 1018 1000 1447 535 
496	0 0 0 0 0 998 1008 1477 517 
497	0 0 0 0 0 998 1006 1481 515 
498	0 0 0 0 0 1019 1024 1450 507 
499	0 0 0 0 0 1002 991 1456 551 
500	0 0 0 0 0 1013 1029 1421 537 
501	0 0 0 0 0 1013 1015 1452 520 
502	0 0 0 0 0 982 1010 1478 530 
503	0 0 0 0 0 980 1008 1480 532 
504	0 0 0 0 0 1002 997 1495 506 
505	0 0 0 0 0 994 1014 1470 522 
506	0 0 0 0 0 1015 992 1478 515 
507	0 0 0 0 0 999 1004 1474 523 
508	0 0 0 0 0 1004 1030 1420 546 
509	0 0 0 0 0 1003 1010 1469 518 
510	0 0 0 0 0 995 1030 1451 524 
511	0 0 0 0 0 994 1002 1471 533 
512	0 0 0 0 0 1032 995 1452 521 
513	0 0 0 0 0 984 1043 1446 527 
514	0 0 0 0 0 1022 1004 1457 517 
515	0 0 0 0 0 1010 1009 1465 516 
516	0 0 0 0 0 1041 971 1460 528 
517	0 0 0 0 0 1014 990 1458 538 
518	0 0 0 0 0 1014 1017 1439 530 
519	0 0 0 0 0 1056 998 1425 521 
520	0 0 0 0 0 1007 1013 1453 527 
521	0 0 0 0 0 1037 995 1455 513 
522	0 0 0 0 0 993 997 1472 538 
523	0 0 0 0 0 978 1015 1460 547 
524	0 0 0 0 0 989 1037 1429 545 
525	0 0 0 0 0 1003 993 1462 542 
526	0 0 0 0 0 1007 1007 1463 523 
527	0 0 0 0 0 997 1026 1439 538 
528	0 0 0 0 0 972 1035 1453 540 
529	0 0 0 0 0 1049 1026 1411 514 
530	0 0 0 0 0 1005 1027 1458 510 
531	0 0 0 0 0 1011 1006 1462 521 
532	0 0 0 0 0 982 983 1499 536 
533	0 0 0 0 0 996 1017 1458 529 
534	0 0 0 0 0 1009 984 1469 538 
535	0 0 0 0 0 1034 985 1452 529 
536	0 0 0 0 0 1000 1010 1465 525 
537	0 0 0 0 0 1037 1024 1411 528 
538	0 0 0 0 0 1015 993 1481 511 
539	0 0 0 0 0 1004 996 1468 532 
540	0 0 0 0 0 1004 1025 1464 507 
541	0 0 0 0 0 1000 980 1488 532 
542	0 0 0 0 0 1029 990 1457 524 
543	0 0 0 0 0 998 1012 1474 516 
544	0 0 0 0 0 1007 1030 1456 507 
545	0 0 0 0 0 1047 974 1438 541 
546	0 0 0 0 0 1011 1011 1448 530 
547	0 0 0 0 0 1004 1005 1441 550 
548	0 0 0 0 0 1015 1005 1483 497 
549	0 0 0 0 0 991 996 1472 541 
550	0 0 0 0 0 1004 1007 1466 523 
551	0 0 0 0 0 992 1024 1459 525 
552	0 0 0 0 0 999 1008 1466 527 
553	0 0 0 0 0 998 984 1480 538 
554	0 0 0 0 0 988 1015 1458 539 
555	0 0 0 0 0 1012 1011 1460 517 
556	0 0 0 0 0 987 1012 1458 543 
557	0 0 0 0 0 985 1015 1472 528 
558	0 0 0 0 0 986 1025 1463 526 
559	0 0 0 0 0 1003 1001 1471 525 
560	0 0 0 0 0 995 994 1485 526 
561	0 0 0 0 0 1003 1033 1456 508 
562	0 0 0 0 0 1026 1006 1442 526 
563	0 0 0 0 0 1025 987 1464 524 
564	0 0 0 0 0 992 976 1494 538 
565	0 0 0 0 0 985 1022 1456 537 
566	0 0 0 0 0 1027 1011 1420 542 
567	0 0 0 0 0 990 1027 1451 532 
568	0 0 0 0 0 1002 1021 1461 516 
569	0 0 0 0 0 995 997 1483 525 
570	0 0 0 0 0 1002 1032 1452 514 
571	0 0 0 0 0 1030 1031 1415 524 
572	0 0 0 0 0 987 1007 1474 532 
573	0 0 0 0 0 987 1035 1437 541 
574	0 0 0 0 0 991 1009 1473 527 
575	0 0 0 0 0 1020 1009 1439 532 
576	0 0 0 0 0 1003 1000 1470 527 
577	0 0 0 0 0 1001 1022 1451 526 
578	0 0 0 0 0 983 1017 1466 534 
579	0 0 0 0 0 1012 990 1464 534 
580	0 0 0 0 0 1034 1005 1440 521 
581	0 0 0 0 0 1006 1030 1447 517 
582	0 0 0 0 0 998 1004 1471 527 
583	0 0 0 0 0 1000 1009 1469 522 
584	0 0 0 0 0 996 1029 1450 525 
585	0 0 0 0 0 1017 1015 1453 515 
586	0 0 0 0 0 1027 1073 1380 520 
587	0 0 0 0 0 1006 985 1480 529 
588	0 0 0 0 0 1009 1002 1476 513 
589	0 0 0 0 0 999 991 1478 532 
590	0 0 0 0 0 992 1030 1449 529 
591	0 0 0 0 0 1001 983 1469 547 
592	0 0 0 0 0 1001 1020 1467 512 
593	0 0 0 0 0 978 1025 1451 546 
594	0 0 0 0 0 1000 1013 1466 521 
595	0 0 0 0 0 994 1003 1480 523 
596	0 0 0 0 0 999 1027 1449 525 
597	0 0 0 0 0 1022 1018 1440 520 
598	0 0 0 0 0 992 1050 1433 525 
599	0 0 0 0 0 1046 1002 1428 524 
600	0 0 0 0 0 1034 987 1440 539 
601	0 0 0 0 0 1010 1007 1456 527 
602	0 0 0 0 0 1028 1015 1440 517 
603	0 0 0 0 0 1028 1008 1449 515 
604	0 0 0 0 0 998 1018 1446 538 
605	0 0 0 0 0 1017 1027 1426 530 
606	0 0 0 0 0 992 1016 1468 524 
607	0 0 0 0 0 1026 994 1445 535 
608	0 0 0 0 0 1035 1012 1438 515 
609	0 0 0 0 0 990 1042 1433 535 
610	0 0 0 0 0 1008 1018 1447 527 
611	0 0 0 0 0 1002 1024 1455 519 
612	0 0 0 0 0 996 1026 1446 532 
613	0 0 0 0 0 992 1002 1473 533 
614	0 0 0 0 0 979 992 1471 558 
615	0 0 0 0 0 1013 1006 1461 520 
616	0 0 0 0 0 1015 999 1480 506 
617	0 0 0 0 0 1024 1021 1448 507 
618	0 0 0 0 0 1002 998 1481 519 
619	0 0 0 0 0 1005 1006 1479 510 
620	0 0 0 0 0 1006 1004 1440 550 
621	0 0 0 0 0 1021 1006 1450 523 
622	0 0 0 0 0 1022 981 1449 548 
623	0 0 0 0 0 1047 977 1432 544 
624	0 0 0 0 0 1004 1028 1440 528 
625	0 0 0 0 0 991 1004 1485 520 
626	0 0 0 0 0 1009 1013 1467 511 
627	0 0 0 0 0 1016 1008 1445 531 
628	0 0 0 0 0 994 1004 1482 520 
629	0 0 0 0 0 1030 985 1458 527 
630	0 0 0 0 0 1020 999 1467 514 
631	0 0 0 0 0 1019 1016 1441 524 
632	0 0 0 0 0 1025 993 1444 538 
633	0 0 0 0 0 1022 1027 1441 510 
634	0 0 0 0 0 1014 980 1452 554 
635	0 0 0 0 0 999 996 1483 522 
636	0 0 0 0 0 995 1011 1477 517 
637	0 0 0 0 0 1014 1017 1440 529 
638	0 0 0 0 0 987 1012 1468 533 
639	0 0 0 0 0 1046 978 1448 528 
640	0 0 0 0 0 1001 990 1462 547 
641	0 0 0 0 0 1026 1001 1466 507 
642	0 0 0 0 0 1016 1007 1455 522 
643	0 0 0 0 0 980 998 1483 539 
644	0 0 0 0 0 993 1011 1474 522 
645	0 0 0 0 0 1024 999 1452 525 
646	0 0 0 0 0 966 995 1470 569 
647	0 0 0 0 0 1014 1008 1471 507 
648	0 0 0 0 0 1026 990 1466 518 
649	0 0 0 0 0 1000 1020 1464 516 
650	0 0 0 0 0 1017 1003 1472 508 
651	0 0 0 0 0 992 1016 1478 514 
652	0 0 0 0 0 1003 1023 1423 551 
653	0 0 0 0 0 974 1015 1472 539 
654	0 0 0 0 0 997 993 1488 522 
655	0 0 0 0 0 1017 999 1463 521 
656	0 0 0 0 0 1002 999 1461 538 
657	0 0 0 0 0 1013 1034 1412 541 
658	0 0 0 0 0 1023 975 1454 548 
659	0 0 0 0 0 989 1013 1463 535 
660	0 0 0 0 0 1010 1004 1467 519 
661	0 0 0 0 0 1017 1024 1438 521 
662	0 0 0 0 0 1027 1003 1459 511 
663	0 0 0 0 0 996 1019 1441 544 
664	0 0 0 0 0 993 1003 1489 515 
665	0 0 0 0 0 1002 990 1473 535 
666	0 0 0 0 0 1008 1014 1468 510 
667	0 0 0 0 0 994 962 1487 557 
668	0 0 0 0 0 989 1068 1401 542 
669	0 0 0 0 0 1005 982 1472 541 
670	0 0 0 0 0 1011 1003 1468 518 
671	0 0 0 0 0 1000 992 1466 542 
672	0 0 0 0 0 1011 988 1462 539 
673	0 0 0 0 0 1001 1014 1477 508 
674	0 0 0 0 0 1008 1006 1456 530 
675	0 0 0 0 0 984 1010 1464 542 
676	0 0 0 0 0 1005 1017 1454 524 
677	0 0 0 0 0 1031 988 1448 533 
678	0 0 0 0 0 1019 1004 1468 509 
679	0 0 0 0 0 1050 1001 1434 515 
680	0 0 0 0 0 1009 1023 1442 526 
681	0 0 0 0 0 1022 1007 1442 529 
682	0 0 0 0 0 989 1007 1454 550 
683	0 0 0 0 0 1011 998 1464 527 
684	0 0 0 0 0 1023 1022 1440 515 
685	0 0 0 0 0 981 1043 1442 534 
686	0 0 0 0 0 999 1015 1455 531 
687	0 0 0 0 0 1005 1002 1477 516 
688	0 0 0 0 0 1044 994 1425 537 
689	0 0 0 0 0 1031 972 1443 554 
690	0 0 0 0 0 995 1036 1458 511 
691	0 0 0 0 0 1012 985 1457 546 
692	0 0 0 0 0 986 1010 1466 538 
693	0 0 0 0 0 999 1015 1470 516 
694	0 0 0 0 0 1022 989 1464 525 
695	0 0 0 0 0 1008 1027 1439 526 
696	0 0 0 0 0 1001 1004 1471 524 
697	0 0 0 0 0 986 996 1485 533 
698	0 0 0 0 0 966 1004 1478 552 
699	0 0 0 0 0 988 1018 1467 527 
700	0 0 0 0 0 993 1021 1467 519 
701	0 0 0 0 0 1012 1017 1451 520 
702	0 0 0 0 0 1039 1002 1429 530 
703	0 0 0 0 0 1005 971 1459 565 
704	0 0 0 0 0 986 1013 1459 542 
705	0 0 0 0 0 1005 1000 1470 525 
706	0 0 0 0 0 991 1022 1461 526 
707	0 0 0 0 0 1010 1028 1432 530 
708	0 0 0 0 0 1030 999 1454 517 
709	0 0 0 0 0 1015 1004 1433 548 
710	0 0 0 0 0 1050 982 1443 525 
711	0 0 0 0 0 990 992 1492 526 
712	0 0 0 0 0 1011 979 1460 550 
713	0 0 0 0 0 1014 1013 1456 517 
714	0 0 0 0 0 968 979 1499 554 
715	0 0 0 0 0 990 1008 1481 521 
716	0 0 0 0 0 999 1016 1466 519 
717	0 0 0 0 0 1015 1057 1409 519 
718	0 0 0 0 0 1024 985 1471 520 
719	0 0 0 0 0 1001 989 1465 545 
720	0 0 0 0 0 993 994 1474 539 
721	0 0 0 0 0 1016 999 1448 537 
722	0 0 0 0 0 990 1008 1470 532 
723	0 0 0 0 0 1001 1003 1459 537 
724	0 0 0 0 0 1021 1022 1455 502 
725	0 0 0 0 0 987 1015 1446 552 
726	0 0 0 0 0 996 1000 1467 537 
727	0 0 0 0 0 1030 995 1454 521 
728	0 0 0 0 0 1008 996 1453 543 
729	0 0 0 0 0 992 1013 1473 522 
730	0 0 0 0 0 1009 974 1477 540 
731	0 0 0 0 0 996 989 1481 534 
732	0 0 0 0 0 999 1017 1463 521 
733	0 0 0 0 0 969 966 1480 585 
734	0 0 0 0 0 989 1005 1471 535 
735	0 0 0 0 0 1022 1008 1451 519 
736	0 0 0 0 0 996 1010 1452 542 
737	0 0 0 0 0 994 1018 1470 518 
738	0 0 0 0 0 1060 995 1438 507 
739	0 0 0 0 0 996 1002 1467 535 
740	0 0 0 0 0 1017 1020 1421 542 
741	0 0 0 0 0 1010 987 1479 524 
742	0 0 0 0 0 995 958 1495 552 
743	0 0 0 0 0 1002 980 1482 536 
744	0 0 0 0 0 1002 1008 1460 530 
745	0 0 0 0 0 1017 982 1467 534 
746	0 0 0 0 0 1009 996 1465 530 
747	0 0 0 0 0 1014 1075 1387 524 
748	0 0 0 0 0 984 1019 1449 548 
749	0 0 0 0 0 1000 1022 1448 530 
750	0 0 0 0 0 985 1031 1468 516 
751	0 0 0 0 0 1024 979 1457 540 
752	0 0 0 0 0 1009 1001 1471 519 
753	0 0 0 0 0 1002 1030 1423 545 
754	0 0 0 0 0 997 1013 1474 516 
755	0 0 0 0 0 1034 1027 1416 523 
756	0 0 0 0 0 983 970 1494 553 
757	0 0 0 0 0 999 1003 1468 530 
758	0 0 0 0 0 993 1022 1463 522 
759	0 0 0 0 0 1018 972 1443 567 
760	0 0 0 0 0 989 1013 1452 546 
761	0 0 0 0 0 999 1025 1449 527 
762	0 0 0 0 0 1029 986 1453 532 
763	0 0 0 0 0 997 968 1484 551 
764	0 0 0 0 0 992 1019 1454 535 
765	0 0 0 0 0 1003 1010 1459 528 
766	0 0 0 0 0 1031 997 1472 500 
767	0 0 0 0 0 1027 994 1457 522 
768	0 0 0 0 0 1017 1015 1449 519 
769	0 0 0 0 0 1000 1024 1445 531 
770	0 0 0 0 0 975 1028 1451 546 
771	0 0 0 0 0 1016 1003 1469 512 
772	0 0 0 0 0 994 1013 1469 524 
773	0 0 0 0 0 1004 990 1473 533 
774	0 0 0 0 0 986 995 1472 547 
775	0 0 0 0 0 1024 1011 1449 516 
776	0 0 0 0 0 1043 1024 1408 525 
777	0 0 0 0 0 1014 1003 1462 521 
778	0 0 0 0 0 1008 1038 1440 514 
779	0 0 0 0 0 1005 1006 1451 538 
780	0 0 0 0 0 1007 994 1473 526 
781	0 0 0 0 0 977 1006 1479 538 
782	0 0 0 0 0 1042 1009 1396 553 
783	0 0 0 0 0 1001 999 1481 519 
784	0 0 0 0 0 1005 1021 1458 516 
785	0 0 0 0 0 1019 1008 1462 511 
786	0 0 0 0 0 1026 996 1438 540 
787	0 0 0 0 0 1043 1030 1411 516 
788	0 0 0 0 0 995 1060 1434 511 
789	0 0 0 0 0 1003 1012 1435 550 
790	0 0 0 0 0 1009 1011 1469 511 
791	0 0 0 0 0 999 1019 1451 531 
792	0 0 0 0 0 1010 1004 1441 545 
793	0 0 0 0 0 1000 1025 1451 524 
794	0 0 0 0 0 989 1017 1448 546 
795	0 0 0 0 0 1010 1003 1469 518 
796	0 0 0 0 0 995 1005 1474 526 
797	0 0 0 0 0 1009 1005 1466 520 
798	0 0 0 0 0 1005 996 1448 551 
799	0 0 0 0 0 1025 1003 1446 526 
800	0 0 0 0 0 1022 987 1452 539 
801	0 0 0 0 0 1010 992 1471 527 
802	0 0 0 0 0 1046 983 1415 556 
803	0 0 0 0 0 1008 1040 1425 527 
804	0 0 0 0 0 1014 1006 1448 532 
805	0 0 0 0 0 997 1004 1484 515 
806	0 0 0 0 0 994 999 1482 525 
807	0 0 0 0 0 1034 1009 1424 533 
808	0 0 0 0 0 1020 982 1471 527 
809	0 0 0 0 0 1022 1008 1452 518 
810	0 0 0 0 0 1008 974 1468 550 
811	0 0 0 0 0 997 1015 1464 524 
812	0 0 0 0 0 1001 1008 1464 527 
813	0 0 0 0 0 1005 1013 1461 521 
814	0 0 0 0 0 999 1049 1431 521 
815	0 0 0 0 0 993 1052 1428 527 
816	0 0 0 0 0 1011 1030 1456 503 
817	0 0 0 0 0 976 992 1497 535 
818	0 0 0 0 0 993 998 1475 534 
819	0 0 0 0 0 1002 1007 1455 536 
820	0 0 0 0 0 987 1005 1487 521 
821	0 0 0 0 0 997 1015 1456 532 
822	0 0 0 0 0 986 982 1487 545 
823	0 0 0 0 0 1015 1035 1413 537 
824	0 0 0 0 0 1006 994 1461 539 
825	0 0 0 0 0 1008 984 1490 518 
826	0 0 0 0 0 990 1018 1469 523 
827	0 0 0 0 0 1001 1041 1448 510 
828	0 0 0 0 0 1026 973 1458 543 
829	0 0 0 0 0 992 1008 1480 520 
830	0 0 0 0 0 1005 1018 1455 522 
831	0 0 0 0 0 947 1002 1485 566 
832	0 0 0 0 0 1035 1021 1433 511 
833	0 0 0 0 0 987 987 1490 536 
834	0 0 0 0 0 1016 1009 1450 525 
835	0 0 0 0 0 969 1003 1481 547 
836	0 0 0 0 0 997 965 1475 563 
837	0 0 0 0 0 998 1023 1461 518 
838	0 0 0 0 0 999 1023 1453 525 
839	0 0 0 0 0 1014 995 1468 523 
840	0 0 0 0 0 1009 997 1463 531 
841	0 0 0 0 0 1001 1004 1479 516 
842	0 0 0 0 0 998 1037 1431 534 
843	0 0 0 0 0 1005 977 1461 557 
844	0 0 0 0 0 999 1044 1437 520 
845	0 0 0 0 0 997 1031 1454 518 
846	0 0 0 0 0 990 1005 1473 532 
847	0 0 0 0 0 1008 1006 1464 522 
848	0 0 0 0 0 1028 981 1459 532 
849	0 0 0 0 0 1007 995 1450 548 
850	0 0 0 0 0 994 1000 1473 533 
851	0 0 0 0 0 1007 999 1454 540 
852	0 0 0 0 0 1045 985 1433 537 
853	0 0 0 0 0 1011 978 1475 536 
854	0 0 0 0 0 1001 993 1475 531 
855	0 0 0 0 0 1014 1006 1464 516 
856	0 0 0 0 0 1004 975 1473 548 
857	0 0 0 0 0 1025 1013 1426 536 
858	0 0 0 0 0 1002 998 1469 531 
859	0 0 0 0 0 1052 968 1421 559 
860	0 0 0 0 0 1034 993 1448 525 
861	0 0 0 0 0 998 1024 1452 526 
862	0 0 0 0 0 986 1000 1478 536 
863	0 0 0 0 0 1004 1018 1436 542 
864	0 0 0 0 0 1059 1014 1405 522 
865	0 0 0 0 0 993 994 1476 537 
866	0 0 0 0 0 995 996 1478 531 
867	0 0 0 0 0 1031 1002 1455 512 
868	0 0 0 0 0 1019 987 1449 545 
869	0 0 0 0 0 964 1003 1500 533 
870	0 0 0 0 0 978 1012 1463 547 
871	0 0 0 0 0 991 1015 1489 505 
872	0 0 0 0 0 1015 998 1453 534 
873	0 0 0 0 0 996 987 1483 534 
874	0 0 0 0 0 1004 1023 1461 512 
875	0 0 0 0 0 1007 1015 1455 523 
876	0 0 0 0 0 1000 998 1479 523 
877	0 0 0 0 0 1017 1022 1431 530 
878	0 0 0 0 0 1002 1014 1458 526 
879	0 0 0 0 0 992 1008 1471 529 
880	0 0 0 0 0 1030 1049 1405 516 
881	0 0 0 0 0 1005 1021 1438 536 
882	0 0 0 0 0 1053 1003 1415 529 
883	0 0 0 0 0 999 998 1484 519 
884	0 0 0 0 0 999 999 1492 510 
885	0 0 0 0 0 1021 986 1466 527 
886	0 0 0 0 0 1023 997 1452 528 
887	0 0 0 0 0 1012 1005 1445 538 
888	0 0 0 0 0 1001 986 1462 551 
889	0 0 0 0 0 995 1042 1444 519 
890	0 0 0 0 0 1002 1023 1450 525 
891	0 0 0 0 0 1015 987 1465 533 
892	0 0 0 0 0 984 1010 1479 527 
893	0 0 0 0 0 1015 1008 1451 526 
894	0 0 0 0 0 1019 990 1440 551 
895	0 0 0 0 0 1004 1015 1454 527 
896	0 0 0 0 0 1029 994 1436 541 
897	0 0 0 0 0 987 1016 1446 551 
898	0 0 0 0 0 1010 989 1449 552 
899	0 0 0 0 0 974 996 1483 547 
900	0 0 0 0 0 998 1010 1470 522 
901	0 0 0 0 0 1007 1028 1448 517 
902	0 0 0 0 0 1006 1016 1473 505 
903	0 0 0 0 0 973 1023 1450 554 
904	0 0 0 0 0 1000 998 1474 528 
905	0 0 0 0 0 1042 983 1431 544 
906	0 0 0 0 0 1063 1012 1396 529 
907	0 0 0 0 0 996 1009 1464 531 
908	0 0 0 0 0 1001 1013 1457 529 
909	0 0 0 0 0 992 1031 1450 527 
910	0 0 0 0 0 1001 997 1466 536 
911	0 0 0 0 0 999 1008 1463 530 
912	0 0 0 0 0 1002 1002 1483 513 
913	0 0 0 0 0 1002 1026 1447 525 
914	0 0 0 0 0 1007 990 1462 541 
915	0 0 0 0 0 1032 992 1456 520 
916	0 0 0 0 0 1009 1011 1470 510 
917	0 0 0 0 0 995 990 1489 526 
918	0 0 0 0 0 1005 1006 1456 533 
919	0 0 0 0 0 1014 1011 984 991 
920	0 0 0 0 0 995 1003 991 1011 
921	0 0 0 0 0 735 741 1997 527 
922	0 0 0 0 0 763 778 1950 509 
923	0 0 0 0 0 0 993 2003 1004 
924	0 0 0 0 0 774 1712 1250 264 
925	0 0 0 0 0 778 1716 1244 262 
926	0 0 0 0 0 779 1703 1248 270 
927	0 0 0 0 0 802 1706 1231 261 
928	0 0 0 0 0 775 1735 1227 263 
929	0 0 0 0 0 769 1754 1189 288 
930	0 0 0 0 0 779 1666 1284 271 
931	0 0 0 0 0 796 1725 1218 261 
932	0 0 0 0 0 777 1718 1238 267 
933	0 0 0 0 0 793 1703 1241 263 
934	0 0 0 0 0 759 1759 1211 271 
935	0 0 0 0 0 790 1749 1226 235 
936	0 0 0 0 0 758 1680 1290 272 
937	0 0 0 0 0 754 1721 1246 279 
938	0 0 0 0 0 805 1733 1202 260 
939	0 0 0 0 0 761 1704 1256 279 
940	0 0 0 0 0 794 1680 1251 275 
941	0 0 0 0 0 772 1701 1263 264 
942	0 0 0 0 0 781 1736 1220 263 
943	0 0 0 0 0 788 1728 1223 261 
944	0 0 0 0 0 787 1734 1215 264 
945	0 0 0 0 0 770 1780 1191 259 
946	0 0 0 0 0 755 1727 1241 277 
947	0 0 0 0 0 786 1694 1242 278 
948	0 0 0 0 0 762 1749 1202 287 
949	0 0 0 0 0 825 1688 1227 260 
950	0 0 0 0 0 806 1697 1239 258 
951	0 0 0 0 0 799 1720 1220 261 
952	0 0 0 0 0 798 1741 1221 240 
953	0 0 0 0 0 785 1754 1196 265 
954	0 0 0 0 0 791 1746 1206 257 
955	0 0 0 0 0 783 1694 1263 260 
956	0 0 0 0 0 789 1716 1253 242 
957	0 0 0 0 0 794 1698 1244 264 
958	0 0 0 0 0 812 1711 1246 231 
959	0 0 0 0 0 785 1721 1234 260 
960	0 0 0 0 0 778 1711 1236 275 
961	0 0 0 0 0 762 1678 1276 284 
962	0 0 0 0 0 798 1740 1191 271 
963	0 0 0 0 0 793 1764 1190 253 
964	0 0 0 0 0 777 1724 1234 265 
965	0 0 0 0 0 835 1708 1213 244 
966	0 0 0 0 0 779 1768 1197 256 
967	0 0 0 0 0 788 1708 1248 256 
968	0 0 0 0 0 790 1707 1250 253 
969	0 0 0 0 0 765 1776 1203 256 
970	0 0 0 0 0 797 1748 1183 272 
971	0 0 0 0 0 766 1747 1207 280 
972	0 0 0 0 0 782 1703 1241 274 
973	0 0 0 0 0 801 1731 1224 244 
974	0 0 0 0 0 808 1698 1251 243 
975	0 0 0 0 0 780 1742 1228 250 
976	0 0 0 0 0 788 1738 1226 248 
977	0 0 0 0 0 793 1707 1255 245 
978	0 0 0 0 0 1011 1972 1017 0 
979	0 0 0 0 0 1014 1973 1013 0 
980	0 0 0 0 0 1011 1979 1010 0 
981	0 0 0 0 0 1014 1957 1029 0 
982	0 0 0 0 0 1006 1917 1077 0 
983	0 0 0 0 0 1020 1969 1011 0 
984	0 0 0 0 0 1012 1975 1013 0 
985	0 0 0 0 0 1025 1931 1044 0 
986	0 0 0 0 0 1031 1943 1026 0 
987	0 0 0 0 0 1015 1954 1031 0 
988	0 0 0 0 0 1025 1973 1002 0 
989	0 0 0 0 0 1025 1963 1012 0 
990	0 0 0 0 0 1028 1970 1002 0 
991	0 0 0 0 0 1001 1979 1020 0 
992	0 0 0 0 0 1002 1958 1040 0 
993	0 0 0 0 0 1047 1936 1017 0 
994	0 0 0 0 0 1008 1981 1011 0 
995	0 0 0 0 0 1029 1941 1030 0 
996	0 0 0 0 0 1019 1975 1006 0 
997	0 0 0 0 0 1013 1975 1012 0 
998	0 0 0 0 0 1004 1946 1050 0 
999	0 0 0 0 0 1008 1975 1017 0 
